15 2 48 192
23 2 40 192
27 2 36 192
29 2 34 192
30 2 33 192
39 2 24 192
43 2 20 192
45 2 18 192
46 2 17 192
51 2 12 192
53 2 10 192
54 2 9 192
57 2 6 192
58 2 5 192
60 2 3 192
71 2 48 136
75 2 48 132
77 2 48 130
78 2 48 129
83 2 12 160
85 6 10 34 40 130 136 160
86 6 9 33 40 129 136 160
89 6 6 34 36 130 132 160
90 6 5 33 36 129 132 160
92 2 3 160
99 2 12 144
101 6 10 18 24 130 136 144
102 6 9 17 24 129 136 144
105 6 6 18 20 130 132 144
106 6 5 17 20 129 132 144
108 2 3 144
113 2 12 130
114 2 12 129
116 2 3 136
120 2 3 132
135 2 48 72
139 2 48 68
141 2 48 66
142 2 48 65
147 2 12 96
149 6 10 34 40 66 72 96
150 6 9 33 40 65 72 96
153 6 6 34 36 66 68 96
154 6 5 33 36 65 68 96
156 2 3 96
163 2 12 80
165 6 10 18 24 66 72 80
166 6 9 17 24 65 72 80
169 6 6 18 20 66 68 80
170 6 5 17 20 65 68 80
172 2 3 80
177 2 12 66
178 2 12 65
180 2 3 72
184 2 3 68
195 2 12 48
197 2 10 48
198 2 9 48
201 2 6 48
202 2 5 48
204 2 3 48
209 2 12 34
210 2 12 33
212 2 3 40
216 2 3 36
225 2 12 18
226 2 12 17
228 2 3 24
232 2 3 20
240 2 3 12
