15 4 48 192 768 3072
23 7 40 192 768 960 3072 3264 3840
27 7 36 192 768 960 3072 3264 3840
29 7 34 192 768 960 3072 3264 3840
30 7 33 192 768 960 3072 3264 3840
39 7 24 192 768 960 3072 3264 3840
43 7 20 192 768 960 3072 3264 3840
45 7 18 192 768 960 3072 3264 3840
46 7 17 192 768 960 3072 3264 3840
51 4 12 192 768 3072
53 7 10 192 768 960 3072 3264 3840
54 7 9 192 768 960 3072 3264 3840
57 7 6 192 768 960 3072 3264 3840
58 7 5 192 768 960 3072 3264 3840
60 4 3 192 768 3072
71 9 48 136 768 816 3072 3120 3840 3856 3872
75 9 48 132 768 816 3072 3120 3840 3856 3872
77 9 48 130 768 816 3072 3120 3840 3856 3872
78 9 48 129 768 816 3072 3120 3840 3856 3872
83 9 12 160 768 780 3072 3084 3844 3848
85 21 10 34 40 130 136 160 768 778 802 808 898 904 928 3072 3082 3106 3112 3202 3208 3232 3840
86 21 9 33 40 129 136 160 768 777 801 808 897 904 928 3072 3081 3105 3112 3201 3208 3232 3840
89 21 6 34 36 130 132 160 768 774 802 804 898 900 928 3072 3078 3106 3108 3202 3204 3232 3840
90 21 5 33 36 129 132 160 768 773 801 804 897 900 928 3072 3077 3105 3108 3201 3204 3232 3840
92 9 3 160 768 771 3072 3075 3841 3842
99 9 12 144 768 780 3072 3084 3844 3848
101 21 10 18 24 130 136 144 768 778 786 792 898 904 912 3072 3082 3090 3096 3202 3208 3216 3840
102 21 9 17 24 129 136 144 768 777 785 792 897 904 912 3072 3081 3089 3096 3201 3208 3216 3840
105 21 6 18 20 130 132 144 768 774 786 788 898 900 912 3072 3078 3090 3092 3202 3204 3216 3840
106 21 5 17 20 129 132 144 768 773 785 788 897 900 912 3072 3077 3089 3092 3201 3204 3216 3840
108 9 3 144 768 771 3072 3075 3841 3842
113 9 12 130 768 780 3072 3084 3840 3844 3848
114 9 12 129 768 780 3072 3084 3840 3844 3848
116 9 3 136 768 771 3072 3075 3841 3842
120 9 3 132 768 771 3072 3075 3841 3842
135 9 48 72 768 816 3072 3120 3840 3856 3872
139 9 48 68 768 816 3072 3120 3840 3856 3872
141 9 48 66 768 816 3072 3120 3840 3856 3872
142 9 48 65 768 816 3072 3120 3840 3856 3872
147 9 12 96 768 780 3072 3084 3844 3848
149 21 10 34 40 66 72 96 768 778 802 808 834 840 864 3072 3082 3106 3112 3138 3144 3168 3840
150 21 9 33 40 65 72 96 768 777 801 808 833 840 864 3072 3081 3105 3112 3137 3144 3168 3840
153 21 6 34 36 66 68 96 768 774 802 804 834 836 864 3072 3078 3106 3108 3138 3140 3168 3840
154 21 5 33 36 65 68 96 768 773 801 804 833 836 864 3072 3077 3105 3108 3137 3140 3168 3840
156 9 3 96 768 771 3072 3075 3841 3842
163 9 12 80 768 780 3072 3084 3844 3848
165 21 10 18 24 66 72 80 768 778 786 792 834 840 848 3072 3082 3090 3096 3138 3144 3152 3840
166 21 9 17 24 65 72 80 768 777 785 792 833 840 848 3072 3081 3089 3096 3137 3144 3152 3840
169 21 6 18 20 66 68 80 768 774 786 788 834 836 848 3072 3078 3090 3092 3138 3140 3152 3840
170 21 5 17 20 65 68 80 768 773 785 788 833 836 848 3072 3077 3089 3092 3137 3140 3152 3840
172 9 3 80 768 771 3072 3075 3841 3842
177 9 12 66 768 780 3072 3084 3840 3844 3848
178 9 12 65 768 780 3072 3084 3840 3844 3848
180 9 3 72 768 771 3072 3075 3841 3842
184 9 3 68 768 771 3072 3075 3841 3842
195 4 12 48 768 3072
197 7 10 48 768 816 3072 3120 3840
198 7 9 48 768 816 3072 3120 3840
201 7 6 48 768 816 3072 3120 3840
202 7 5 48 768 816 3072 3120 3840
204 4 3 48 768 3072
209 9 12 34 768 780 3072 3084 3840 3844 3848
210 9 12 33 768 780 3072 3084 3840 3844 3848
212 9 3 40 768 771 3072 3075 3841 3842
216 9 3 36 768 771 3072 3075 3841 3842
225 9 12 18 768 780 3072 3084 3840 3844 3848
226 9 12 17 768 780 3072 3084 3840 3844 3848
228 9 3 24 768 771 3072 3075 3841 3842
232 9 3 20 768 771 3072 3075 3841 3842
240 4 3 12 768 3072
263 11 48 192 240 520 3072 3120 3184 3248 3264 3280 3296
267 11 48 192 240 516 3072 3120 3184 3248 3264 3280 3296
269 11 48 192 240 514 3072 3120 3184 3248 3264 3280 3296
270 11 48 192 240 513 3072 3120 3184 3248 3264 3280 3296
275 11 12 192 204 544 3072 3084 3148 3212 3268 3272
277 21 10 34 40 192 202 226 232 514 520 544 706 712 736 3072 3082 3106 3112 3264 3586 3592 3616
278 21 9 33 40 192 201 225 232 513 520 544 705 712 736 3072 3081 3105 3112 3264 3585 3592 3616
281 21 6 34 36 192 198 226 228 514 516 544 706 708 736 3072 3078 3106 3108 3264 3586 3588 3616
282 21 5 33 36 192 197 225 228 513 516 544 705 708 736 3072 3077 3105 3108 3264 3585 3588 3616
284 11 3 192 195 544 3072 3075 3139 3203 3265 3266
291 11 12 192 204 528 3072 3084 3148 3212 3268 3272
293 21 10 18 24 192 202 210 216 514 520 528 706 712 720 3072 3082 3090 3096 3264 3586 3592 3600
294 21 9 17 24 192 201 209 216 513 520 528 705 712 720 3072 3081 3089 3096 3264 3585 3592 3600
297 21 6 18 20 192 198 210 212 514 516 528 706 708 720 3072 3078 3090 3092 3264 3586 3588 3600
298 21 5 17 20 192 197 209 212 513 516 528 705 708 720 3072 3077 3089 3092 3264 3585 3588 3600
300 11 3 192 195 528 3072 3075 3139 3203 3265 3266
305 11 12 192 204 514 3072 3084 3148 3212 3264 3268 3272
306 11 12 192 204 513 3072 3084 3148 3212 3264 3268 3272
308 11 3 192 195 520 3072 3075 3139 3203 3265 3266
312 11 3 192 195 516 3072 3075 3139 3203 3265 3266
323 11 12 48 60 640 3072 3100 3116 3124 3128
325 23 10 48 58 130 136 178 184 514 520 562 568 640 688 3072 3098 3114 3120 3202 3208 3586 3592 3712
326 23 9 48 57 129 136 177 184 513 520 561 568 640 688 3072 3097 3113 3120 3201 3208 3585 3592 3712
329 23 6 48 54 130 132 178 180 514 516 562 564 640 688 3072 3094 3110 3120 3202 3204 3586 3588 3712
330 23 5 48 53 129 132 177 180 513 516 561 564 640 688 3072 3093 3109 3120 3201 3204 3585 3588 3712
332 11 3 48 51 640 3072 3091 3107 3121 3122
337 27 12 34 46 130 142 160 172 514 526 544 556 640 652 3072 3084 3110 3114 3206 3210 3232 3590 3594 3616 3712
338 27 12 33 45 129 141 160 172 513 525 544 556 640 652 3072 3084 3109 3113 3205 3209 3232 3589 3593 3616 3712
340 33 40 43 136 139 160 163 520 523 544 547 640 643 3072 3075 3113 3114 3209 3210 3233 3234 3593 3594 3617 3618 3713 3714
344 33 36 39 132 135 160 163 516 519 544 547 640 643 3072 3075 3109 3110 3205 3206 3233 3234 3589 3590 3617 3618 3713 3714
353 27 12 18 30 130 142 144 156 514 526 528 540 640 652 3072 3084 3094 3098 3206 3210 3216 3590 3594 3600 3712
354 27 12 17 29 129 141 144 156 513 525 528 540 640 652 3072 3084 3093 3097 3205 3209 3216 3589 3593 3600 3712
356 33 24 27 136 139 144 147 520 523 528 531 640 643 3072 3075 3097 3098 3209 3210 3217 3218 3593 3594 3601 3602 3713 3714
360 33 20 23 132 135 144 147 516 519 528 531 640 643 3072 3075 3093 3094 3205 3206 3217 3218 3589 3590 3601 3602 3713 3714
368 11 3 12 15 640 3072 3079 3083 3085 3086
387 11 12 48 60 576 3072 3100 3116 3124 3128
389 23 10 48 58 66 72 114 120 514 520 562 568 576 624 3072 3098 3114 3120 3138 3144 3586 3592 3648
390 23 9 48 57 65 72 113 120 513 520 561 568 576 624 3072 3097 3113 3120 3137 3144 3585 3592 3648
393 23 6 48 54 66 68 114 116 514 516 562 564 576 624 3072 3094 3110 3120 3138 3140 3586 3588 3648
394 23 5 48 53 65 68 113 116 513 516 561 564 576 624 3072 3093 3109 3120 3137 3140 3585 3588 3648
396 11 3 48 51 576 3072 3091 3107 3121 3122
401 27 12 34 46 66 78 96 108 514 526 544 556 576 588 3072 3084 3110 3114 3142 3146 3168 3590 3594 3616 3648
402 27 12 33 45 65 77 96 108 513 525 544 556 576 588 3072 3084 3109 3113 3141 3145 3168 3589 3593 3616 3648
404 33 40 43 72 75 96 99 520 523 544 547 576 579 3072 3075 3113 3114 3145 3146 3169 3170 3593 3594 3617 3618 3649 3650
408 33 36 39 68 71 96 99 516 519 544 547 576 579 3072 3075 3109 3110 3141 3142 3169 3170 3589 3590 3617 3618 3649 3650
417 27 12 18 30 66 78 80 92 514 526 528 540 576 588 3072 3084 3094 3098 3142 3146 3152 3590 3594 3600 3648
418 27 12 17 29 65 77 80 92 513 525 528 540 576 588 3072 3084 3093 3097 3141 3145 3152 3589 3593 3600 3648
420 33 24 27 72 75 80 83 520 523 528 531 576 579 3072 3075 3097 3098 3145 3146 3153 3154 3593 3594 3601 3602 3649 3650
424 33 20 23 68 71 80 83 516 519 528 531 576 579 3072 3075 3093 3094 3141 3142 3153 3154 3589 3590 3601 3602 3649 3650
432 11 3 12 15 576 3072 3079 3083 3085 3086
449 11 12 48 60 514 3072 3084 3100 3116 3120 3124 3128
450 11 12 48 60 513 3072 3084 3100 3116 3120 3124 3128
452 11 3 48 51 520 3072 3075 3091 3107 3121 3122
456 11 3 48 51 516 3072 3075 3091 3107 3121 3122
464 11 3 12 15 544 3072 3079 3083 3085 3086
480 11 3 12 15 528 3072 3079 3083 3085 3086
519 11 48 192 240 264 3072 3120 3184 3248 3264 3280 3296
523 11 48 192 240 260 3072 3120 3184 3248 3264 3280 3296
525 11 48 192 240 258 3072 3120 3184 3248 3264 3280 3296
526 11 48 192 240 257 3072 3120 3184 3248 3264 3280 3296
531 11 12 192 204 288 3072 3084 3148 3212 3268 3272
533 21 10 34 40 192 202 226 232 258 264 288 450 456 480 3072 3082 3106 3112 3264 3330 3336 3360
534 21 9 33 40 192 201 225 232 257 264 288 449 456 480 3072 3081 3105 3112 3264 3329 3336 3360
537 21 6 34 36 192 198 226 228 258 260 288 450 452 480 3072 3078 3106 3108 3264 3330 3332 3360
538 21 5 33 36 192 197 225 228 257 260 288 449 452 480 3072 3077 3105 3108 3264 3329 3332 3360
540 11 3 192 195 288 3072 3075 3139 3203 3265 3266
547 11 12 192 204 272 3072 3084 3148 3212 3268 3272
549 21 10 18 24 192 202 210 216 258 264 272 450 456 464 3072 3082 3090 3096 3264 3330 3336 3344
550 21 9 17 24 192 201 209 216 257 264 272 449 456 464 3072 3081 3089 3096 3264 3329 3336 3344
553 21 6 18 20 192 198 210 212 258 260 272 450 452 464 3072 3078 3090 3092 3264 3330 3332 3344
554 21 5 17 20 192 197 209 212 257 260 272 449 452 464 3072 3077 3089 3092 3264 3329 3332 3344
556 11 3 192 195 272 3072 3075 3139 3203 3265 3266
561 11 12 192 204 258 3072 3084 3148 3212 3264 3268 3272
562 11 12 192 204 257 3072 3084 3148 3212 3264 3268 3272
564 11 3 192 195 264 3072 3075 3139 3203 3265 3266
568 11 3 192 195 260 3072 3075 3139 3203 3265 3266
579 11 12 48 60 384 3072 3100 3116 3124 3128
581 23 10 48 58 130 136 178 184 258 264 306 312 384 432 3072 3098 3114 3120 3202 3208 3330 3336 3456
582 23 9 48 57 129 136 177 184 257 264 305 312 384 432 3072 3097 3113 3120 3201 3208 3329 3336 3456
585 23 6 48 54 130 132 178 180 258 260 306 308 384 432 3072 3094 3110 3120 3202 3204 3330 3332 3456
586 23 5 48 53 129 132 177 180 257 260 305 308 384 432 3072 3093 3109 3120 3201 3204 3329 3332 3456
588 11 3 48 51 384 3072 3091 3107 3121 3122
593 27 12 34 46 130 142 160 172 258 270 288 300 384 396 3072 3084 3110 3114 3206 3210 3232 3334 3338 3360 3456
594 27 12 33 45 129 141 160 172 257 269 288 300 384 396 3072 3084 3109 3113 3205 3209 3232 3333 3337 3360 3456
596 33 40 43 136 139 160 163 264 267 288 291 384 387 3072 3075 3113 3114 3209 3210 3233 3234 3337 3338 3361 3362 3457 3458
600 33 36 39 132 135 160 163 260 263 288 291 384 387 3072 3075 3109 3110 3205 3206 3233 3234 3333 3334 3361 3362 3457 3458
609 27 12 18 30 130 142 144 156 258 270 272 284 384 396 3072 3084 3094 3098 3206 3210 3216 3334 3338 3344 3456
610 27 12 17 29 129 141 144 156 257 269 272 284 384 396 3072 3084 3093 3097 3205 3209 3216 3333 3337 3344 3456
612 33 24 27 136 139 144 147 264 267 272 275 384 387 3072 3075 3097 3098 3209 3210 3217 3218 3337 3338 3345 3346 3457 3458
616 33 20 23 132 135 144 147 260 263 272 275 384 387 3072 3075 3093 3094 3205 3206 3217 3218 3333 3334 3345 3346 3457 3458
624 11 3 12 15 384 3072 3079 3083 3085 3086
643 11 12 48 60 320 3072 3100 3116 3124 3128
645 23 10 48 58 66 72 114 120 258 264 306 312 320 368 3072 3098 3114 3120 3138 3144 3330 3336 3392
646 23 9 48 57 65 72 113 120 257 264 305 312 320 368 3072 3097 3113 3120 3137 3144 3329 3336 3392
649 23 6 48 54 66 68 114 116 258 260 306 308 320 368 3072 3094 3110 3120 3138 3140 3330 3332 3392
650 23 5 48 53 65 68 113 116 257 260 305 308 320 368 3072 3093 3109 3120 3137 3140 3329 3332 3392
652 11 3 48 51 320 3072 3091 3107 3121 3122
657 27 12 34 46 66 78 96 108 258 270 288 300 320 332 3072 3084 3110 3114 3142 3146 3168 3334 3338 3360 3392
658 27 12 33 45 65 77 96 108 257 269 288 300 320 332 3072 3084 3109 3113 3141 3145 3168 3333 3337 3360 3392
660 33 40 43 72 75 96 99 264 267 288 291 320 323 3072 3075 3113 3114 3145 3146 3169 3170 3337 3338 3361 3362 3393 3394
664 33 36 39 68 71 96 99 260 263 288 291 320 323 3072 3075 3109 3110 3141 3142 3169 3170 3333 3334 3361 3362 3393 3394
673 27 12 18 30 66 78 80 92 258 270 272 284 320 332 3072 3084 3094 3098 3142 3146 3152 3334 3338 3344 3392
674 27 12 17 29 65 77 80 92 257 269 272 284 320 332 3072 3084 3093 3097 3141 3145 3152 3333 3337 3344 3392
676 33 24 27 72 75 80 83 264 267 272 275 320 323 3072 3075 3097 3098 3145 3146 3153 3154 3337 3338 3345 3346 3393 3394
680 33 20 23 68 71 80 83 260 263 272 275 320 323 3072 3075 3093 3094 3141 3142 3153 3154 3333 3334 3345 3346 3393 3394
688 11 3 12 15 320 3072 3079 3083 3085 3086
705 11 12 48 60 258 3072 3084 3100 3116 3120 3124 3128
706 11 12 48 60 257 3072 3084 3100 3116 3120 3124 3128
708 11 3 48 51 264 3072 3075 3091 3107 3121 3122
712 11 3 48 51 260 3072 3075 3091 3107 3121 3122
720 11 3 12 15 288 3072 3079 3083 3085 3086
736 11 3 12 15 272 3072 3079 3083 3085 3086
771 4 12 48 192 3072
773 7 10 48 192 240 3072 3120 3264
774 7 9 48 192 240 3072 3120 3264
777 7 6 48 192 240 3072 3120 3264
778 7 5 48 192 240 3072 3120 3264
780 4 3 48 192 3072
785 9 12 34 192 204 3072 3084 3264 3268 3272
786 9 12 33 192 204 3072 3084 3264 3268 3272
788 9 3 40 192 195 3072 3075 3265 3266
792 9 3 36 192 195 3072 3075 3265 3266
801 9 12 18 192 204 3072 3084 3264 3268 3272
802 9 12 17 192 204 3072 3084 3264 3268 3272
804 9 3 24 192 195 3072 3075 3265 3266
808 9 3 20 192 195 3072 3075 3265 3266
816 4 3 12 192 3072
833 11 12 48 60 130 3072 3084 3100 3116 3120 3124 3128
834 11 12 48 60 129 3072 3084 3100 3116 3120 3124 3128
836 11 3 48 51 136 3072 3075 3091 3107 3121 3122
840 11 3 48 51 132 3072 3075 3091 3107 3121 3122
848 11 3 12 15 160 3072 3079 3083 3085 3086
864 11 3 12 15 144 3072 3079 3083 3085 3086
897 11 12 48 60 66 3072 3084 3100 3116 3120 3124 3128
898 11 12 48 60 65 3072 3084 3100 3116 3120 3124 3128
900 11 3 48 51 72 3072 3075 3091 3107 3121 3122
904 11 3 48 51 68 3072 3075 3091 3107 3121 3122
912 11 3 12 15 96 3072 3079 3083 3085 3086
928 11 3 12 15 80 3072 3079 3083 3085 3086
960 4 3 12 48 3072
1031 13 48 192 240 496 752 768 816 880 944 960 976 992 2056
1035 13 48 192 240 496 752 768 816 880 944 960 976 992 2052
1037 13 48 192 240 496 752 768 816 880 944 960 976 992 2050
1038 13 48 192 240 496 752 768 816 880 944 960 976 992 2049
1043 13 12 192 204 460 716 768 780 844 908 964 968 2080
1045 21 10 34 40 192 202 226 232 768 778 802 808 960 2050 2056 2080 2242 2248 2272 2818 2824 2848
1046 21 9 33 40 192 201 225 232 768 777 801 808 960 2049 2056 2080 2241 2248 2272 2817 2824 2848
1049 21 6 34 36 192 198 226 228 768 774 802 804 960 2050 2052 2080 2242 2244 2272 2818 2820 2848
1050 21 5 33 36 192 197 225 228 768 773 801 804 960 2049 2052 2080 2241 2244 2272 2817 2820 2848
1052 13 3 192 195 451 707 768 771 835 899 961 962 2080
1059 13 12 192 204 460 716 768 780 844 908 964 968 2064
1061 21 10 18 24 192 202 210 216 768 778 786 792 960 2050 2056 2064 2242 2248 2256 2818 2824 2832
1062 21 9 17 24 192 201 209 216 768 777 785 792 960 2049 2056 2064 2241 2248 2256 2817 2824 2832
1065 21 6 18 20 192 198 210 212 768 774 786 788 960 2050 2052 2064 2242 2244 2256 2818 2820 2832
1066 21 5 17 20 192 197 209 212 768 773 785 788 960 2049 2052 2064 2241 2244 2256 2817 2820 2832
1068 13 3 192 195 451 707 768 771 835 899 961 962 2064
1073 13 12 192 204 460 716 768 780 844 908 960 964 968 2050
1074 13 12 192 204 460 716 768 780 844 908 960 964 968 2049
1076 13 3 192 195 451 707 768 771 835 899 961 962 2056
1080 13 3 192 195 451 707 768 771 835 899 961 962 2052
1091 13 12 48 60 316 572 768 796 812 820 824 2176
1093 23 10 48 58 130 136 178 184 768 794 810 816 898 904 2050 2056 2098 2104 2176 2224 2818 2824 2944
1094 23 9 48 57 129 136 177 184 768 793 809 816 897 904 2049 2056 2097 2104 2176 2224 2817 2824 2944
1097 23 6 48 54 130 132 178 180 768 790 806 816 898 900 2050 2052 2098 2100 2176 2224 2818 2820 2944
1098 23 5 48 53 129 132 177 180 768 789 805 816 897 900 2049 2052 2097 2100 2176 2224 2817 2820 2944
1100 13 3 48 51 307 563 768 787 803 817 818 2176
1105 27 12 34 46 130 142 160 172 768 780 806 810 902 906 928 2050 2062 2080 2092 2176 2188 2822 2826 2848 2944
1106 27 12 33 45 129 141 160 172 768 780 805 809 901 905 928 2049 2061 2080 2092 2176 2188 2821 2825 2848 2944
1108 33 40 43 136 139 160 163 768 771 809 810 905 906 929 930 2056 2059 2080 2083 2176 2179 2825 2826 2849 2850 2945 2946
1112 33 36 39 132 135 160 163 768 771 805 806 901 902 929 930 2052 2055 2080 2083 2176 2179 2821 2822 2849 2850 2945 2946
1121 27 12 18 30 130 142 144 156 768 780 790 794 902 906 912 2050 2062 2064 2076 2176 2188 2822 2826 2832 2944
1122 27 12 17 29 129 141 144 156 768 780 789 793 901 905 912 2049 2061 2064 2076 2176 2188 2821 2825 2832 2944
1124 33 24 27 136 139 144 147 768 771 793 794 905 906 913 914 2056 2059 2064 2067 2176 2179 2825 2826 2833 2834 2945 2946
1128 33 20 23 132 135 144 147 768 771 789 790 901 902 913 914 2052 2055 2064 2067 2176 2179 2821 2822 2833 2834 2945 2946
1136 13 3 12 15 271 527 768 775 779 781 782 2176
1155 13 12 48 60 316 572 768 796 812 820 824 2112
1157 23 10 48 58 66 72 114 120 768 794 810 816 834 840 2050 2056 2098 2104 2112 2160 2818 2824 2880
1158 23 9 48 57 65 72 113 120 768 793 809 816 833 840 2049 2056 2097 2104 2112 2160 2817 2824 2880
1161 23 6 48 54 66 68 114 116 768 790 806 816 834 836 2050 2052 2098 2100 2112 2160 2818 2820 2880
1162 23 5 48 53 65 68 113 116 768 789 805 816 833 836 2049 2052 2097 2100 2112 2160 2817 2820 2880
1164 13 3 48 51 307 563 768 787 803 817 818 2112
1169 27 12 34 46 66 78 96 108 768 780 806 810 838 842 864 2050 2062 2080 2092 2112 2124 2822 2826 2848 2880
1170 27 12 33 45 65 77 96 108 768 780 805 809 837 841 864 2049 2061 2080 2092 2112 2124 2821 2825 2848 2880
1172 33 40 43 72 75 96 99 768 771 809 810 841 842 865 866 2056 2059 2080 2083 2112 2115 2825 2826 2849 2850 2881 2882
1176 33 36 39 68 71 96 99 768 771 805 806 837 838 865 866 2052 2055 2080 2083 2112 2115 2821 2822 2849 2850 2881 2882
1185 27 12 18 30 66 78 80 92 768 780 790 794 838 842 848 2050 2062 2064 2076 2112 2124 2822 2826 2832 2880
1186 27 12 17 29 65 77 80 92 768 780 789 793 837 841 848 2049 2061 2064 2076 2112 2124 2821 2825 2832 2880
1188 33 24 27 72 75 80 83 768 771 793 794 841 842 849 850 2056 2059 2064 2067 2112 2115 2825 2826 2833 2834 2881 2882
1192 33 20 23 68 71 80 83 768 771 789 790 837 838 849 850 2052 2055 2064 2067 2112 2115 2821 2822 2833 2834 2881 2882
1200 13 3 12 15 271 527 768 775 779 781 782 2112
1217 13 12 48 60 316 572 768 780 796 812 816 820 824 2050
1218 13 12 48 60 316 572 768 780 796 812 816 820 824 2049
1220 13 3 48 51 307 563 768 771 787 803 817 818 2056
1224 13 3 48 51 307 563 768 771 787 803 817 818 2052
1232 13 3 12 15 271 527 768 775 779 781 782 2080
1248 13 3 12 15 271 527 768 775 779 781 782 2064
1283 13 12 48 124 188 192 220 236 244 248 2560
1285 25 10 48 122 186 192 218 234 240 514 520 562 568 706 712 2050 2056 2098 2104 2242 2248 2560 2608 2752
1286 25 9 48 121 185 192 217 233 240 513 520 561 568 705 712 2049 2056 2097 2104 2241 2248 2560 2608 2752
1289 25 6 48 118 182 192 214 230 240 514 516 562 564 706 708 2050 2052 2098 2100 2242 2244 2560 2608 2752
1290 25 5 48 117 181 192 213 229 240 513 516 561 564 705 708 2049 2052 2097 2100 2241 2244 2560 2608 2752
1292 13 3 48 115 179 192 211 227 241 242 2560
1297 29 12 34 110 174 192 204 230 234 514 526 544 556 710 714 736 2050 2062 2080 2092 2246 2250 2272 2560 2572 2752
1298 29 12 33 109 173 192 204 229 233 513 525 544 556 709 713 736 2049 2061 2080 2092 2245 2249 2272 2560 2572 2752
1300 35 40 107 171 192 195 233 234 520 523 544 547 713 714 737 738 2056 2059 2080 2083 2249 2250 2273 2274 2560 2563 2753 2754
1304 35 36 103 167 192 195 229 230 516 519 544 547 709 710 737 738 2052 2055 2080 2083 2245 2246 2273 2274 2560 2563 2753 2754
1313 29 12 18 94 158 192 204 214 218 514 526 528 540 710 714 720 2050 2062 2064 2076 2246 2250 2256 2560 2572 2752
1314 29 12 17 93 157 192 204 213 217 513 525 528 540 709 713 720 2049 2061 2064 2076 2245 2249 2256 2560 2572 2752
1316 35 24 91 155 192 195 217 218 520 523 528 531 713 714 721 722 2056 2059 2064 2067 2249 2250 2257 2258 2560 2563 2753 2754
1320 35 20 87 151 192 195 213 214 516 519 528 531 709 710 721 722 2052 2055 2064 2067 2245 2246 2257 2258 2560 2563 2753 2754
1328 13 3 12 79 143 192 199 203 205 206 2560
1345 33 12 48 60 130 158 174 182 186 514 542 558 566 570 640 652 688 2050 2078 2094 2102 2106 2176 2188 2224 2560 2572 2608
1346 33 12 48 60 129 157 173 181 185 513 541 557 565 569 640 652 688 2049 2077 2093 2101 2105 2176 2188 2224 2560 2572 2608
1348 39 48 51 136 155 171 185 186 520 539 555 569 570 640 643 689 690 2056 2075 2091 2105 2106 2176 2179 2225 2226 2560 2563 2609 2610
1352 39 48 51 132 151 167 181 182 516 535 551 565 566 640 643 689 690 2052 2071 2087 2101 2102 2176 2179 2225 2226 2560 2563 2609 2610
1360 45 15 160 167 171 173 174 544 551 555 557 558 640 647 651 653 654 2080 2087 2091 2093 2094 2176 2183 2187 2189 2190 2560 2567 2571 2573 2574
1376 45 15 144 151 155 157 158 528 535 539 541 542 640 647 651 653 654 2064 2071 2075 2077 2078 2176 2183 2187 2189 2190 2560 2567 2571 2573 2574
1409 33 12 48 60 66 94 110 118 122 514 542 558 566 570 576 588 624 2050 2078 2094 2102 2106 2112 2124 2160 2560 2572 2608
1410 33 12 48 60 65 93 109 117 121 513 541 557 565 569 576 588 624 2049 2077 2093 2101 2105 2112 2124 2160 2560 2572 2608
1412 39 48 51 72 91 107 121 122 520 539 555 569 570 576 579 625 626 2056 2075 2091 2105 2106 2112 2115 2161 2162 2560 2563 2609 2610
1416 39 48 51 68 87 103 117 118 516 535 551 565 566 576 579 625 626 2052 2071 2087 2101 2102 2112 2115 2161 2162 2560 2563 2609 2610
1424 45 15 96 103 107 109 110 544 551 555 557 558 576 583 587 589 590 2080 2087 2091 2093 2094 2112 2119 2123 2125 2126 2560 2567 2571 2573 2574
1440 45 15 80 87 91 93 94 528 535 539 541 542 576 583 587 589 590 2064 2071 2075 2077 2078 2112 2119 2123 2125 2126 2560 2567 2571 2573 2574
1472 13 3 12 31 47 48 55 59 61 62 2560
1539 13 12 48 124 188 192 220 236 244 248 2304
1541 25 10 48 122 186 192 218 234 240 258 264 306 312 450 456 2050 2056 2098 2104 2242 2248 2304 2352 2496
1542 25 9 48 121 185 192 217 233 240 257 264 305 312 449 456 2049 2056 2097 2104 2241 2248 2304 2352 2496
1545 25 6 48 118 182 192 214 230 240 258 260 306 308 450 452 2050 2052 2098 2100 2242 2244 2304 2352 2496
1546 25 5 48 117 181 192 213 229 240 257 260 305 308 449 452 2049 2052 2097 2100 2241 2244 2304 2352 2496
1548 13 3 48 115 179 192 211 227 241 242 2304
1553 29 12 34 110 174 192 204 230 234 258 270 288 300 454 458 480 2050 2062 2080 2092 2246 2250 2272 2304 2316 2496
1554 29 12 33 109 173 192 204 229 233 257 269 288 300 453 457 480 2049 2061 2080 2092 2245 2249 2272 2304 2316 2496
1556 35 40 107 171 192 195 233 234 264 267 288 291 457 458 481 482 2056 2059 2080 2083 2249 2250 2273 2274 2304 2307 2497 2498
1560 35 36 103 167 192 195 229 230 260 263 288 291 453 454 481 482 2052 2055 2080 2083 2245 2246 2273 2274 2304 2307 2497 2498
1569 29 12 18 94 158 192 204 214 218 258 270 272 284 454 458 464 2050 2062 2064 2076 2246 2250 2256 2304 2316 2496
1570 29 12 17 93 157 192 204 213 217 257 269 272 284 453 457 464 2049 2061 2064 2076 2245 2249 2256 2304 2316 2496
1572 35 24 91 155 192 195 217 218 264 267 272 275 457 458 465 466 2056 2059 2064 2067 2249 2250 2257 2258 2304 2307 2497 2498
1576 35 20 87 151 192 195 213 214 260 263 272 275 453 454 465 466 2052 2055 2064 2067 2245 2246 2257 2258 2304 2307 2497 2498
1584 13 3 12 79 143 192 199 203 205 206 2304
1601 33 12 48 60 130 158 174 182 186 258 286 302 310 314 384 396 432 2050 2078 2094 2102 2106 2176 2188 2224 2304 2316 2352
1602 33 12 48 60 129 157 173 181 185 257 285 301 309 313 384 396 432 2049 2077 2093 2101 2105 2176 2188 2224 2304 2316 2352
1604 39 48 51 136 155 171 185 186 264 283 299 313 314 384 387 433 434 2056 2075 2091 2105 2106 2176 2179 2225 2226 2304 2307 2353 2354
1608 39 48 51 132 151 167 181 182 260 279 295 309 310 384 387 433 434 2052 2071 2087 2101 2102 2176 2179 2225 2226 2304 2307 2353 2354
1616 45 15 160 167 171 173 174 288 295 299 301 302 384 391 395 397 398 2080 2087 2091 2093 2094 2176 2183 2187 2189 2190 2304 2311 2315 2317 2318
1632 45 15 144 151 155 157 158 272 279 283 285 286 384 391 395 397 398 2064 2071 2075 2077 2078 2176 2183 2187 2189 2190 2304 2311 2315 2317 2318
1665 33 12 48 60 66 94 110 118 122 258 286 302 310 314 320 332 368 2050 2078 2094 2102 2106 2112 2124 2160 2304 2316 2352
1666 33 12 48 60 65 93 109 117 121 257 285 301 309 313 320 332 368 2049 2077 2093 2101 2105 2112 2124 2160 2304 2316 2352
1668 39 48 51 72 91 107 121 122 264 283 299 313 314 320 323 369 370 2056 2075 2091 2105 2106 2112 2115 2161 2162 2304 2307 2353 2354
1672 39 48 51 68 87 103 117 118 260 279 295 309 310 320 323 369 370 2052 2071 2087 2101 2102 2112 2115 2161 2162 2304 2307 2353 2354
1680 45 15 96 103 107 109 110 288 295 299 301 302 320 327 331 333 334 2080 2087 2091 2093 2094 2112 2119 2123 2125 2126 2304 2311 2315 2317 2318
1696 45 15 80 87 91 93 94 272 279 283 285 286 320 327 331 333 334 2064 2071 2075 2077 2078 2112 2119 2123 2125 2126 2304 2311 2315 2317 2318
1728 13 3 12 31 47 48 55 59 61 62 2304
1793 13 12 48 60 124 188 192 204 220 236 240 244 248 2050
1794 13 12 48 60 124 188 192 204 220 236 240 244 248 2049
1796 13 3 48 51 115 179 192 195 211 227 241 242 2056
1800 13 3 48 51 115 179 192 195 211 227 241 242 2052
1808 13 3 12 15 79 143 192 199 203 205 206 2080
1824 13 3 12 15 79 143 192 199 203 205 206 2064
1856 13 3 12 31 47 48 55 59 61 62 2176
1920 13 3 12 31 47 48 55 59 61 62 2112
2055 13 48 192 240 496 752 768 816 880 944 960 976 992 1032
2059 13 48 192 240 496 752 768 816 880 944 960 976 992 1028
2061 13 48 192 240 496 752 768 816 880 944 960 976 992 1026
2062 13 48 192 240 496 752 768 816 880 944 960 976 992 1025
2067 13 12 192 204 460 716 768 780 844 908 964 968 1056
2069 21 10 34 40 192 202 226 232 768 778 802 808 960 1026 1032 1056 1218 1224 1248 1794 1800 1824
2070 21 9 33 40 192 201 225 232 768 777 801 808 960 1025 1032 1056 1217 1224 1248 1793 1800 1824
2073 21 6 34 36 192 198 226 228 768 774 802 804 960 1026 1028 1056 1218 1220 1248 1794 1796 1824
2074 21 5 33 36 192 197 225 228 768 773 801 804 960 1025 1028 1056 1217 1220 1248 1793 1796 1824
2076 13 3 192 195 451 707 768 771 835 899 961 962 1056
2083 13 12 192 204 460 716 768 780 844 908 964 968 1040
2085 21 10 18 24 192 202 210 216 768 778 786 792 960 1026 1032 1040 1218 1224 1232 1794 1800 1808
2086 21 9 17 24 192 201 209 216 768 777 785 792 960 1025 1032 1040 1217 1224 1232 1793 1800 1808
2089 21 6 18 20 192 198 210 212 768 774 786 788 960 1026 1028 1040 1218 1220 1232 1794 1796 1808
2090 21 5 17 20 192 197 209 212 768 773 785 788 960 1025 1028 1040 1217 1220 1232 1793 1796 1808
2092 13 3 192 195 451 707 768 771 835 899 961 962 1040
2097 13 12 192 204 460 716 768 780 844 908 960 964 968 1026
2098 13 12 192 204 460 716 768 780 844 908 960 964 968 1025
2100 13 3 192 195 451 707 768 771 835 899 961 962 1032
2104 13 3 192 195 451 707 768 771 835 899 961 962 1028
2115 13 12 48 60 316 572 768 796 812 820 824 1152
2117 23 10 48 58 130 136 178 184 768 794 810 816 898 904 1026 1032 1074 1080 1152 1200 1794 1800 1920
2118 23 9 48 57 129 136 177 184 768 793 809 816 897 904 1025 1032 1073 1080 1152 1200 1793 1800 1920
2121 23 6 48 54 130 132 178 180 768 790 806 816 898 900 1026 1028 1074 1076 1152 1200 1794 1796 1920
2122 23 5 48 53 129 132 177 180 768 789 805 816 897 900 1025 1028 1073 1076 1152 1200 1793 1796 1920
2124 13 3 48 51 307 563 768 787 803 817 818 1152
2129 27 12 34 46 130 142 160 172 768 780 806 810 902 906 928 1026 1038 1056 1068 1152 1164 1798 1802 1824 1920
2130 27 12 33 45 129 141 160 172 768 780 805 809 901 905 928 1025 1037 1056 1068 1152 1164 1797 1801 1824 1920
2132 33 40 43 136 139 160 163 768 771 809 810 905 906 929 930 1032 1035 1056 1059 1152 1155 1801 1802 1825 1826 1921 1922
2136 33 36 39 132 135 160 163 768 771 805 806 901 902 929 930 1028 1031 1056 1059 1152 1155 1797 1798 1825 1826 1921 1922
2145 27 12 18 30 130 142 144 156 768 780 790 794 902 906 912 1026 1038 1040 1052 1152 1164 1798 1802 1808 1920
2146 27 12 17 29 129 141 144 156 768 780 789 793 901 905 912 1025 1037 1040 1052 1152 1164 1797 1801 1808 1920
2148 33 24 27 136 139 144 147 768 771 793 794 905 906 913 914 1032 1035 1040 1043 1152 1155 1801 1802 1809 1810 1921 1922
2152 33 20 23 132 135 144 147 768 771 789 790 901 902 913 914 1028 1031 1040 1043 1152 1155 1797 1798 1809 1810 1921 1922
2160 13 3 12 15 271 527 768 775 779 781 782 1152
2179 13 12 48 60 316 572 768 796 812 820 824 1088
2181 23 10 48 58 66 72 114 120 768 794 810 816 834 840 1026 1032 1074 1080 1088 1136 1794 1800 1856
2182 23 9 48 57 65 72 113 120 768 793 809 816 833 840 1025 1032 1073 1080 1088 1136 1793 1800 1856
2185 23 6 48 54 66 68 114 116 768 790 806 816 834 836 1026 1028 1074 1076 1088 1136 1794 1796 1856
2186 23 5 48 53 65 68 113 116 768 789 805 816 833 836 1025 1028 1073 1076 1088 1136 1793 1796 1856
2188 13 3 48 51 307 563 768 787 803 817 818 1088
2193 27 12 34 46 66 78 96 108 768 780 806 810 838 842 864 1026 1038 1056 1068 1088 1100 1798 1802 1824 1856
2194 27 12 33 45 65 77 96 108 768 780 805 809 837 841 864 1025 1037 1056 1068 1088 1100 1797 1801 1824 1856
2196 33 40 43 72 75 96 99 768 771 809 810 841 842 865 866 1032 1035 1056 1059 1088 1091 1801 1802 1825 1826 1857 1858
2200 33 36 39 68 71 96 99 768 771 805 806 837 838 865 866 1028 1031 1056 1059 1088 1091 1797 1798 1825 1826 1857 1858
2209 27 12 18 30 66 78 80 92 768 780 790 794 838 842 848 1026 1038 1040 1052 1088 1100 1798 1802 1808 1856
2210 27 12 17 29 65 77 80 92 768 780 789 793 837 841 848 1025 1037 1040 1052 1088 1100 1797 1801 1808 1856
2212 33 24 27 72 75 80 83 768 771 793 794 841 842 849 850 1032 1035 1040 1043 1088 1091 1801 1802 1809 1810 1857 1858
2216 33 20 23 68 71 80 83 768 771 789 790 837 838 849 850 1028 1031 1040 1043 1088 1091 1797 1798 1809 1810 1857 1858
2224 13 3 12 15 271 527 768 775 779 781 782 1088
2241 13 12 48 60 316 572 768 780 796 812 816 820 824 1026
2242 13 12 48 60 316 572 768 780 796 812 816 820 824 1025
2244 13 3 48 51 307 563 768 771 787 803 817 818 1032
2248 13 3 48 51 307 563 768 771 787 803 817 818 1028
2256 13 3 12 15 271 527 768 775 779 781 782 1056
2272 13 3 12 15 271 527 768 775 779 781 782 1040
2307 13 12 48 124 188 192 220 236 244 248 1536
2309 25 10 48 122 186 192 218 234 240 514 520 562 568 706 712 1026 1032 1074 1080 1218 1224 1536 1584 1728
2310 25 9 48 121 185 192 217 233 240 513 520 561 568 705 712 1025 1032 1073 1080 1217 1224 1536 1584 1728
2313 25 6 48 118 182 192 214 230 240 514 516 562 564 706 708 1026 1028 1074 1076 1218 1220 1536 1584 1728
2314 25 5 48 117 181 192 213 229 240 513 516 561 564 705 708 1025 1028 1073 1076 1217 1220 1536 1584 1728
2316 13 3 48 115 179 192 211 227 241 242 1536
2321 29 12 34 110 174 192 204 230 234 514 526 544 556 710 714 736 1026 1038 1056 1068 1222 1226 1248 1536 1548 1728
2322 29 12 33 109 173 192 204 229 233 513 525 544 556 709 713 736 1025 1037 1056 1068 1221 1225 1248 1536 1548 1728
2324 35 40 107 171 192 195 233 234 520 523 544 547 713 714 737 738 1032 1035 1056 1059 1225 1226 1249 1250 1536 1539 1729 1730
2328 35 36 103 167 192 195 229 230 516 519 544 547 709 710 737 738 1028 1031 1056 1059 1221 1222 1249 1250 1536 1539 1729 1730
2337 29 12 18 94 158 192 204 214 218 514 526 528 540 710 714 720 1026 1038 1040 1052 1222 1226 1232 1536 1548 1728
2338 29 12 17 93 157 192 204 213 217 513 525 528 540 709 713 720 1025 1037 1040 1052 1221 1225 1232 1536 1548 1728
2340 35 24 91 155 192 195 217 218 520 523 528 531 713 714 721 722 1032 1035 1040 1043 1225 1226 1233 1234 1536 1539 1729 1730
2344 35 20 87 151 192 195 213 214 516 519 528 531 709 710 721 722 1028 1031 1040 1043 1221 1222 1233 1234 1536 1539 1729 1730
2352 13 3 12 79 143 192 199 203 205 206 1536
2369 33 12 48 60 130 158 174 182 186 514 542 558 566 570 640 652 688 1026 1054 1070 1078 1082 1152 1164 1200 1536 1548 1584
2370 33 12 48 60 129 157 173 181 185 513 541 557 565 569 640 652 688 1025 1053 1069 1077 1081 1152 1164 1200 1536 1548 1584
2372 39 48 51 136 155 171 185 186 520 539 555 569 570 640 643 689 690 1032 1051 1067 1081 1082 1152 1155 1201 1202 1536 1539 1585 1586
2376 39 48 51 132 151 167 181 182 516 535 551 565 566 640 643 689 690 1028 1047 1063 1077 1078 1152 1155 1201 1202 1536 1539 1585 1586
2384 45 15 160 167 171 173 174 544 551 555 557 558 640 647 651 653 654 1056 1063 1067 1069 1070 1152 1159 1163 1165 1166 1536 1543 1547 1549 1550
2400 45 15 144 151 155 157 158 528 535 539 541 542 640 647 651 653 654 1040 1047 1051 1053 1054 1152 1159 1163 1165 1166 1536 1543 1547 1549 1550
2433 33 12 48 60 66 94 110 118 122 514 542 558 566 570 576 588 624 1026 1054 1070 1078 1082 1088 1100 1136 1536 1548 1584
2434 33 12 48 60 65 93 109 117 121 513 541 557 565 569 576 588 624 1025 1053 1069 1077 1081 1088 1100 1136 1536 1548 1584
2436 39 48 51 72 91 107 121 122 520 539 555 569 570 576 579 625 626 1032 1051 1067 1081 1082 1088 1091 1137 1138 1536 1539 1585 1586
2440 39 48 51 68 87 103 117 118 516 535 551 565 566 576 579 625 626 1028 1047 1063 1077 1078 1088 1091 1137 1138 1536 1539 1585 1586
2448 45 15 96 103 107 109 110 544 551 555 557 558 576 583 587 589 590 1056 1063 1067 1069 1070 1088 1095 1099 1101 1102 1536 1543 1547 1549 1550
2464 45 15 80 87 91 93 94 528 535 539 541 542 576 583 587 589 590 1040 1047 1051 1053 1054 1088 1095 1099 1101 1102 1536 1543 1547 1549 1550
2496 13 3 12 31 47 48 55 59 61 62 1536
2563 13 12 48 124 188 192 220 236 244 248 1280
2565 25 10 48 122 186 192 218 234 240 258 264 306 312 450 456 1026 1032 1074 1080 1218 1224 1280 1328 1472
2566 25 9 48 121 185 192 217 233 240 257 264 305 312 449 456 1025 1032 1073 1080 1217 1224 1280 1328 1472
2569 25 6 48 118 182 192 214 230 240 258 260 306 308 450 452 1026 1028 1074 1076 1218 1220 1280 1328 1472
2570 25 5 48 117 181 192 213 229 240 257 260 305 308 449 452 1025 1028 1073 1076 1217 1220 1280 1328 1472
2572 13 3 48 115 179 192 211 227 241 242 1280
2577 29 12 34 110 174 192 204 230 234 258 270 288 300 454 458 480 1026 1038 1056 1068 1222 1226 1248 1280 1292 1472
2578 29 12 33 109 173 192 204 229 233 257 269 288 300 453 457 480 1025 1037 1056 1068 1221 1225 1248 1280 1292 1472
2580 35 40 107 171 192 195 233 234 264 267 288 291 457 458 481 482 1032 1035 1056 1059 1225 1226 1249 1250 1280 1283 1473 1474
2584 35 36 103 167 192 195 229 230 260 263 288 291 453 454 481 482 1028 1031 1056 1059 1221 1222 1249 1250 1280 1283 1473 1474
2593 29 12 18 94 158 192 204 214 218 258 270 272 284 454 458 464 1026 1038 1040 1052 1222 1226 1232 1280 1292 1472
2594 29 12 17 93 157 192 204 213 217 257 269 272 284 453 457 464 1025 1037 1040 1052 1221 1225 1232 1280 1292 1472
2596 35 24 91 155 192 195 217 218 264 267 272 275 457 458 465 466 1032 1035 1040 1043 1225 1226 1233 1234 1280 1283 1473 1474
2600 35 20 87 151 192 195 213 214 260 263 272 275 453 454 465 466 1028 1031 1040 1043 1221 1222 1233 1234 1280 1283 1473 1474
2608 13 3 12 79 143 192 199 203 205 206 1280
2625 33 12 48 60 130 158 174 182 186 258 286 302 310 314 384 396 432 1026 1054 1070 1078 1082 1152 1164 1200 1280 1292 1328
2626 33 12 48 60 129 157 173 181 185 257 285 301 309 313 384 396 432 1025 1053 1069 1077 1081 1152 1164 1200 1280 1292 1328
2628 39 48 51 136 155 171 185 186 264 283 299 313 314 384 387 433 434 1032 1051 1067 1081 1082 1152 1155 1201 1202 1280 1283 1329 1330
2632 39 48 51 132 151 167 181 182 260 279 295 309 310 384 387 433 434 1028 1047 1063 1077 1078 1152 1155 1201 1202 1280 1283 1329 1330
2640 45 15 160 167 171 173 174 288 295 299 301 302 384 391 395 397 398 1056 1063 1067 1069 1070 1152 1159 1163 1165 1166 1280 1287 1291 1293 1294
2656 45 15 144 151 155 157 158 272 279 283 285 286 384 391 395 397 398 1040 1047 1051 1053 1054 1152 1159 1163 1165 1166 1280 1287 1291 1293 1294
2689 33 12 48 60 66 94 110 118 122 258 286 302 310 314 320 332 368 1026 1054 1070 1078 1082 1088 1100 1136 1280 1292 1328
2690 33 12 48 60 65 93 109 117 121 257 285 301 309 313 320 332 368 1025 1053 1069 1077 1081 1088 1100 1136 1280 1292 1328
2692 39 48 51 72 91 107 121 122 264 283 299 313 314 320 323 369 370 1032 1051 1067 1081 1082 1088 1091 1137 1138 1280 1283 1329 1330
2696 39 48 51 68 87 103 117 118 260 279 295 309 310 320 323 369 370 1028 1047 1063 1077 1078 1088 1091 1137 1138 1280 1283 1329 1330
2704 45 15 96 103 107 109 110 288 295 299 301 302 320 327 331 333 334 1056 1063 1067 1069 1070 1088 1095 1099 1101 1102 1280 1287 1291 1293 1294
2720 45 15 80 87 91 93 94 272 279 283 285 286 320 327 331 333 334 1040 1047 1051 1053 1054 1088 1095 1099 1101 1102 1280 1287 1291 1293 1294
2752 13 3 12 31 47 48 55 59 61 62 1280
2817 13 12 48 60 124 188 192 204 220 236 240 244 248 1026
2818 13 12 48 60 124 188 192 204 220 236 240 244 248 1025
2820 13 3 48 51 115 179 192 195 211 227 241 242 1032
2824 13 3 48 51 115 179 192 195 211 227 241 242 1028
2832 13 3 12 15 79 143 192 199 203 205 206 1056
2848 13 3 12 15 79 143 192 199 203 205 206 1040
2880 13 3 12 31 47 48 55 59 61 62 1152
2944 13 3 12 31 47 48 55 59 61 62 1088
3075 4 12 48 192 768
3077 7 10 48 192 240 768 816 960
3078 7 9 48 192 240 768 816 960
3081 7 6 48 192 240 768 816 960
3082 7 5 48 192 240 768 816 960
3084 4 3 48 192 768
3089 9 12 34 192 204 768 780 960 964 968
3090 9 12 33 192 204 768 780 960 964 968
3092 9 3 40 192 195 768 771 961 962
3096 9 3 36 192 195 768 771 961 962
3105 9 12 18 192 204 768 780 960 964 968
3106 9 12 17 192 204 768 780 960 964 968
3108 9 3 24 192 195 768 771 961 962
3112 9 3 20 192 195 768 771 961 962
3120 4 3 12 192 768
3137 11 12 48 60 130 768 780 796 812 816 820 824
3138 11 12 48 60 129 768 780 796 812 816 820 824
3140 11 3 48 51 136 768 771 787 803 817 818
3144 11 3 48 51 132 768 771 787 803 817 818
3152 11 3 12 15 160 768 775 779 781 782
3168 11 3 12 15 144 768 775 779 781 782
3201 11 12 48 60 66 768 780 796 812 816 820 824
3202 11 12 48 60 65 768 780 796 812 816 820 824
3204 11 3 48 51 72 768 771 787 803 817 818
3208 11 3 48 51 68 768 771 787 803 817 818
3216 11 3 12 15 96 768 775 779 781 782
3232 11 3 12 15 80 768 775 779 781 782
3264 4 3 12 48 768
3329 13 12 48 60 124 188 192 204 220 236 240 244 248 514
3330 13 12 48 60 124 188 192 204 220 236 240 244 248 513
3332 13 3 48 51 115 179 192 195 211 227 241 242 520
3336 13 3 48 51 115 179 192 195 211 227 241 242 516
3344 13 3 12 15 79 143 192 199 203 205 206 544
3360 13 3 12 15 79 143 192 199 203 205 206 528
3392 13 3 12 31 47 48 55 59 61 62 640
3456 13 3 12 31 47 48 55 59 61 62 576
3585 13 12 48 60 124 188 192 204 220 236 240 244 248 258
3586 13 12 48 60 124 188 192 204 220 236 240 244 248 257
3588 13 3 48 51 115 179 192 195 211 227 241 242 264
3592 13 3 48 51 115 179 192 195 211 227 241 242 260
3600 13 3 12 15 79 143 192 199 203 205 206 288
3616 13 3 12 15 79 143 192 199 203 205 206 272
3648 13 3 12 31 47 48 55 59 61 62 384
3712 13 3 12 31 47 48 55 59 61 62 320
3840 4 3 12 48 192
