15 3 48 192 768
23 3 40 192 768
27 3 36 192 768
29 3 34 192 768
30 3 33 192 768
39 3 24 192 768
43 3 20 192 768
45 3 18 192 768
46 3 17 192 768
51 3 12 192 768
53 3 10 192 768
54 3 9 192 768
57 3 6 192 768
58 3 5 192 768
60 3 3 192 768
71 5 48 136 768 784 800
75 5 48 132 768 784 800
77 5 48 130 768 784 800
78 5 48 129 768 784 800
83 5 12 160 768 772 776
85 7 10 34 40 130 136 160 768
86 7 9 33 40 129 136 160 768
89 7 6 34 36 130 132 160 768
90 7 5 33 36 129 132 160 768
92 5 3 160 768 769 770
99 5 12 144 768 772 776
101 7 10 18 24 130 136 144 768
102 7 9 17 24 129 136 144 768
105 7 6 18 20 130 132 144 768
106 7 5 17 20 129 132 144 768
108 5 3 144 768 769 770
113 5 12 130 768 772 776
114 5 12 129 768 772 776
116 5 3 136 768 769 770
120 5 3 132 768 769 770
135 5 48 72 768 784 800
139 5 48 68 768 784 800
141 5 48 66 768 784 800
142 5 48 65 768 784 800
147 5 12 96 768 772 776
149 7 10 34 40 66 72 96 768
150 7 9 33 40 65 72 96 768
153 7 6 34 36 66 68 96 768
154 7 5 33 36 65 68 96 768
156 5 3 96 768 769 770
163 5 12 80 768 772 776
165 7 10 18 24 66 72 80 768
166 7 9 17 24 65 72 80 768
169 7 6 18 20 66 68 80 768
170 7 5 17 20 65 68 80 768
172 5 3 80 768 769 770
177 5 12 66 768 772 776
178 5 12 65 768 772 776
180 5 3 72 768 769 770
184 5 3 68 768 769 770
195 3 12 48 768
197 3 10 48 768
198 3 9 48 768
201 3 6 48 768
202 3 5 48 768
204 3 3 48 768
209 5 12 34 768 772 776
210 5 12 33 768 772 776
212 5 3 40 768 769 770
216 5 3 36 768 769 770
225 5 12 18 768 772 776
226 5 12 17 768 772 776
228 5 3 24 768 769 770
232 5 3 20 768 769 770
240 3 3 12 768
263 7 48 112 176 192 208 224 520
267 7 48 112 176 192 208 224 516
269 7 48 112 176 192 208 224 514
270 7 48 112 176 192 208 224 513
275 7 12 76 140 192 196 200 544
277 7 10 34 40 192 514 520 544
278 7 9 33 40 192 513 520 544
281 7 6 34 36 192 514 516 544
282 7 5 33 36 192 513 516 544
284 7 3 67 131 192 193 194 544
291 7 12 76 140 192 196 200 528
293 7 10 18 24 192 514 520 528
294 7 9 17 24 192 513 520 528
297 7 6 18 20 192 514 516 528
298 7 5 17 20 192 513 516 528
300 7 3 67 131 192 193 194 528
305 7 12 76 140 192 196 200 514
306 7 12 76 140 192 196 200 513
308 7 3 67 131 192 193 194 520
312 7 3 67 131 192 193 194 516
323 7 12 28 44 48 52 56 640
325 9 10 26 42 48 130 136 514 520 640
326 9 9 25 41 48 129 136 513 520 640
329 9 6 22 38 48 130 132 514 516 640
330 9 5 21 37 48 129 132 513 516 640
332 7 3 19 35 48 49 50 640
337 13 12 34 38 42 130 134 138 160 514 518 522 544 640
338 13 12 33 37 41 129 133 137 160 513 517 521 544 640
340 19 3 40 41 42 136 137 138 160 161 162 520 521 522 544 545 546 640 641 642
344 19 3 36 37 38 132 133 134 160 161 162 516 517 518 544 545 546 640 641 642
353 13 12 18 22 26 130 134 138 144 514 518 522 528 640
354 13 12 17 21 25 129 133 137 144 513 517 521 528 640
356 19 3 24 25 26 136 137 138 144 145 146 520 521 522 528 529 530 640 641 642
360 19 3 20 21 22 132 133 134 144 145 146 516 517 518 528 529 530 640 641 642
368 7 3 7 11 12 13 14 640
387 7 12 28 44 48 52 56 576
389 9 10 26 42 48 66 72 514 520 576
390 9 9 25 41 48 65 72 513 520 576
393 9 6 22 38 48 66 68 514 516 576
394 9 5 21 37 48 65 68 513 516 576
396 7 3 19 35 48 49 50 576
401 13 12 34 38 42 66 70 74 96 514 518 522 544 576
402 13 12 33 37 41 65 69 73 96 513 517 521 544 576
404 19 3 40 41 42 72 73 74 96 97 98 520 521 522 544 545 546 576 577 578
408 19 3 36 37 38 68 69 70 96 97 98 516 517 518 544 545 546 576 577 578
417 13 12 18 22 26 66 70 74 80 514 518 522 528 576
418 13 12 17 21 25 65 69 73 80 513 517 521 528 576
420 19 3 24 25 26 72 73 74 80 81 82 520 521 522 528 529 530 576 577 578
424 19 3 20 21 22 68 69 70 80 81 82 516 517 518 528 529 530 576 577 578
432 7 3 7 11 12 13 14 576
449 7 12 28 44 48 52 56 514
450 7 12 28 44 48 52 56 513
452 7 3 19 35 48 49 50 520
456 7 3 19 35 48 49 50 516
464 7 3 7 11 12 13 14 544
480 7 3 7 11 12 13 14 528
519 7 48 112 176 192 208 224 264
523 7 48 112 176 192 208 224 260
525 7 48 112 176 192 208 224 258
526 7 48 112 176 192 208 224 257
531 7 12 76 140 192 196 200 288
533 7 10 34 40 192 258 264 288
534 7 9 33 40 192 257 264 288
537 7 6 34 36 192 258 260 288
538 7 5 33 36 192 257 260 288
540 7 3 67 131 192 193 194 288
547 7 12 76 140 192 196 200 272
549 7 10 18 24 192 258 264 272
550 7 9 17 24 192 257 264 272
553 7 6 18 20 192 258 260 272
554 7 5 17 20 192 257 260 272
556 7 3 67 131 192 193 194 272
561 7 12 76 140 192 196 200 258
562 7 12 76 140 192 196 200 257
564 7 3 67 131 192 193 194 264
568 7 3 67 131 192 193 194 260
579 7 12 28 44 48 52 56 384
581 9 10 26 42 48 130 136 258 264 384
582 9 9 25 41 48 129 136 257 264 384
585 9 6 22 38 48 130 132 258 260 384
586 9 5 21 37 48 129 132 257 260 384
588 7 3 19 35 48 49 50 384
593 13 12 34 38 42 130 134 138 160 258 262 266 288 384
594 13 12 33 37 41 129 133 137 160 257 261 265 288 384
596 19 3 40 41 42 136 137 138 160 161 162 264 265 266 288 289 290 384 385 386
600 19 3 36 37 38 132 133 134 160 161 162 260 261 262 288 289 290 384 385 386
609 13 12 18 22 26 130 134 138 144 258 262 266 272 384
610 13 12 17 21 25 129 133 137 144 257 261 265 272 384
612 19 3 24 25 26 136 137 138 144 145 146 264 265 266 272 273 274 384 385 386
616 19 3 20 21 22 132 133 134 144 145 146 260 261 262 272 273 274 384 385 386
624 7 3 7 11 12 13 14 384
643 7 12 28 44 48 52 56 320
645 9 10 26 42 48 66 72 258 264 320
646 9 9 25 41 48 65 72 257 264 320
649 9 6 22 38 48 66 68 258 260 320
650 9 5 21 37 48 65 68 257 260 320
652 7 3 19 35 48 49 50 320
657 13 12 34 38 42 66 70 74 96 258 262 266 288 320
658 13 12 33 37 41 65 69 73 96 257 261 265 288 320
660 19 3 40 41 42 72 73 74 96 97 98 264 265 266 288 289 290 320 321 322
664 19 3 36 37 38 68 69 70 96 97 98 260 261 262 288 289 290 320 321 322
673 13 12 18 22 26 66 70 74 80 258 262 266 272 320
674 13 12 17 21 25 65 69 73 80 257 261 265 272 320
676 19 3 24 25 26 72 73 74 80 81 82 264 265 266 272 273 274 320 321 322
680 19 3 20 21 22 68 69 70 80 81 82 260 261 262 272 273 274 320 321 322
688 7 3 7 11 12 13 14 320
705 7 12 28 44 48 52 56 258
706 7 12 28 44 48 52 56 257
708 7 3 19 35 48 49 50 264
712 7 3 19 35 48 49 50 260
720 7 3 7 11 12 13 14 288
736 7 3 7 11 12 13 14 272
771 3 12 48 192
773 3 10 48 192
774 3 9 48 192
777 3 6 48 192
778 3 5 48 192
780 3 3 48 192
785 5 12 34 192 196 200
786 5 12 33 192 196 200
788 5 3 40 192 193 194
792 5 3 36 192 193 194
801 5 12 18 192 196 200
802 5 12 17 192 196 200
804 5 3 24 192 193 194
808 5 3 20 192 193 194
816 3 3 12 192
833 7 12 28 44 48 52 56 130
834 7 12 28 44 48 52 56 129
836 7 3 19 35 48 49 50 136
840 7 3 19 35 48 49 50 132
848 7 3 7 11 12 13 14 160
864 7 3 7 11 12 13 14 144
897 7 12 28 44 48 52 56 66
898 7 12 28 44 48 52 56 65
900 7 3 19 35 48 49 50 72
904 7 3 19 35 48 49 50 68
912 7 3 7 11 12 13 14 96
928 7 3 7 11 12 13 14 80
960 3 3 12 48
